"Acinetobacter.01","Acinetobacter.02","Actinomyces.01","Actinomyces.02","Alicyclobacillus.01","Anaerococcus.01","Anaerococcus.02","Atopobium.01","Atopobium.02","Bifidobacterium.01","Bulleidia.01","Burkholderia.01","C.Betaproteobacteria.01","C.Betaproteobacteria.02","C.Gammaproteobacteria.01","C.Gammaproteobacteria.02","C.Gammaproteobacteria.03","C.Gammaproteobacteria.04","C.Gammaproteobacteria.05","C.Gammaproteobacteria.06","C.Gammaproteobacteria.07","C.Gammaproteobacteria.08","C.Gammaproteobacteria.09","C.Gammaproteobacteria.10","C.Gammaproteobacteria.11","Campylobacter.01","Capnocytophaga.01","Carnobacterium.01","Catonella.01","Chryseobacterium.01","Corynebacterium.01","Corynebacterium.02","Dolosigranulum.01","Dyella.01","Eubacterium.01","F.Alcaligenaceae.01","F.Burkholderiaceae.01","F.Burkholderiaceae.02","F.Carnobacteriaceae.01","F.Comamonadaceae.01","F.Comamonadaceae.02","F.Enterobacteriaceae.01","F.Erysipelotrichaceae.01","F.Neisseriaceae.01","F.Pasteurellaceae.01","F.Pasteurellaceae.02","F.Prevotellaceae.01","F.Prevotellaceae.02","F.Prevotellaceae.03","F.Pseudomonadaceae.01","F.Pseudomonadaceae.02","F.Rhodocyclaceae.01","F.Xanthomonadaceae.01","Fusobacterium.01","Fusobacterium.02","Gemella.01","Gp2.01","Gp2.02","Lactobacillus.01","Marinobacter.01","Megasphaera.01","Metascardovia.01","Microbacterium.01","Mogibacterium.01","Mycoplasma.01","Neisseria.01","O.Actinomycetales.01","O.Actinomycetales.02","O.Actinomycetales.03","O.Actinomycetales.04","O.Bacteroidales.01","O.Bacteroidales.02","O.Burkholderiales.01","O.Clostridiales.01","O.Clostridiales.02","O.Clostridiales.03","O.Clostridiales.04","O.Clostridiales.05","P.Firmicutes.01","Paracoccus.01","Parvimonas.01","Parvimonas.02","Parvimonas.03","Peptoniphilus.01","Peptoniphilus.02","Peptoniphilus.03","Peptostreptococcus.01","Porphyromonas.01","Porphyromonas.02","Porphyromonas.03","Prevotella.01","Prevotella.02","Prevotella.03","Prevotella.04","Prevotella.05","Prevotella.06","Prevotella.07","Prevotella.08","Prevotella.09","Prevotella.10","Propionibacterium.01","Propionibacterium.02","Pseudomonas.01","Pseudomonas.02","Ralstonia.01","Rhizobium.01","Selenomonas.01","Selenomonas.02","Selenomonas.03","Solobacterium.01","Staphylococcus.01","Streptococcus.01","Sulfuricurvum.01","Tannerella.01","TM7_genus_incertae_sedis.01","TM7_genus_incertae_sedis.02","TM7_genus_incertae_sedis.03","TM7_genus_incertae_sedis.04","TM7_genus_incertae_sedis.05","TM7_genus_incertae_sedis.06","TM7_genus_incertae_sedis.07","TM7_genus_incertae_sedis.08","Treponema.01","Tropheryma.01","Veillonella.01","Veillonella.02"
"Acinetobacter.01",1,0.132561638951302,0.049934484064579,-0.0614136755466461,0.200885847210884,0.274075090885162,-0.162294745445251,0.152056336402893,-0.00193126616068184,0.12004441767931,0.0659655779600143,-0.304686486721039,-0.16802391409874,0.0288245510309935,0.0328927151858807,0.0315945632755756,-0.0488279610872269,0.0317385829985142,-0.0886715948581696,-0.289196878671646,-0.216913834214211,0.236339569091797,0.144308671355247,0.0219885259866714,0.0464448407292366,0.227292627096176,0.232653066515923,0.132147923111916,-0.177842572331429,-0.00193126616068184,0.200481861829758,0.170595183968544,-0.0112914051860571,-0.620701134204865,-0.119451187551022,0.00975455716252327,0.261812210083008,0.368499159812927,-0.00975455716252327,-0.193369761109352,0.195309326052666,-0.128101587295532,-0.141826465725899,-0.0405565910041332,-0.0969717800617218,-0.230092793703079,-0.0929814502596855,-0.0281478837132454,0.316435873508453,-0.0281160771846771,-0.0580191053450108,0.107778750360012,0.150951370596886,-0.243863940238953,-0.0388020202517509,0.00573959574103355,0.000574446574319154,0.31936052441597,0.0546755716204643,0.0494093373417854,-0.386844366788864,-0.190687581896782,-0.0122448978945613,0.155230537056923,0.071720115840435,-0.0717246904969215,0.049934484064579,0.372207045555115,-0.200241610407829,0.148437917232513,-0.0197047982364893,-0.0164091289043427,-0.518139123916626,-0.0635568499565125,-0.0148571124300361,-0.0693733096122742,0.0518950447440147,-0.0663068071007729,0.217665895819664,0.357164978981018,-0.214086920022964,-0.0573922693729401,0.0349491722881794,0.179801791906357,0.0281979292631149,-0.274075090885162,-0.00975455716252327,0.0591178350150585,-0.299049288034439,-0.0413994155824184,0.210583686828613,-0.126845061779022,-0.0625439286231995,-0.197035178542137,0.0770161300897598,-0.208483293652534,-0.219931796193123,0.0558513924479485,0.0288177393376827,0.404170334339142,0.12566165626049,-0.206629320979118,0.0166589505970478,-0.0625615939497948,0.210583686828613,0.359212636947632,0.260224312543869,0.0452051237225533,-0.001731195487082,0.0705970302224159,0.102709755301476,-0.137137606739998,-0.216938570141792,-0.125532299280167,0.0281160771846771,-0.0694295018911362,0.123975269496441,-0.0230169761925936,-0.0640821233391762,-0.0270438324660063,-0.273833215236664,0.306056529283524,-0.13099379837513,0.04751917719841,0.138285204768181,-0.109752662479877
"Acinetobacter.02",0.132561638951302,1,0.143534392118454,0.206108257174492,-0.102905854582787,0.387768715620041,0.289124876260757,0.231250435113907,0.336612850427628,0.340603232383728,0.142475992441177,-0.34272500872612,0.0835456550121307,-0.0618396997451782,-0.177108988165855,0.174524456262589,0.0718280896544456,-0.123439602553844,-0.0272498279809952,-0.201528951525688,0.249947100877762,-0.193195417523384,0.107801519334316,0.288022577762604,0.348116248846054,0.285422891378403,-0.11147228628397,-0.0465134717524052,0.209688395261765,0.145022928714752,-0.0492705069482327,0.226847797632217,0.235208198428154,-0.108999311923981,0.283723741769791,-0.122147664427757,0.14066119492054,0.0278787948191166,-0.0201602950692177,0.00118589971680194,0.182364240288734,-0.0237448234111071,-0.0721469894051552,0.0804943814873695,-0.191522791981697,0.193894594907761,-0.0145313739776611,-0.0350236147642136,-0.224885940551758,-0.215833738446236,-0.0718280896544456,-0.536159932613373,0.0925263017416,0.302997350692749,0.334750533103943,0.267495900392532,-0.0279001668095589,0.0859241783618927,0.07806795835495,-0.0376712344586849,0.0969014689326286,0.288292080163956,-0.298866242170334,0.0178897976875305,-0.00180765870027244,-0.110288664698601,0.348752975463867,-0.283255130052567,0.197980418801308,0.421313494443893,0.232072710990906,0.281806468963623,0.0859777256846428,0.0542297586798668,0.472258776426315,0.481165945529938,0.0632680505514145,-0.0798291340470314,0.0354821048676968,0.232751727104187,0.147093087434769,0.203983291983604,0.0994766131043434,-0.215484276413918,0.372333258390427,0.465702593326569,0.36110645532608,-0.0183866359293461,-0.0583924874663353,0.267533481121063,0.200417041778564,-0.0806639567017555,-0.0160096455365419,0.121098600327969,0.223268285393715,-0.0158779583871365,0.261519312858582,0.0586269088089466,0.367493212223053,0.28685849905014,-0.0112660471349955,0.0114049622789025,-0.0747961923480034,0.286179095506668,-0.161875307559967,-0.193802937865257,0.232699275016785,0.219795316457748,0.261191040277481,0.305455416440964,0.21939143538475,0.0990226194262505,-0.25394868850708,0.281397700309753,0.091907225549221,-0.0379487909376621,-0.167555645108223,0.10673626512289,0.162211239337921,0.164337605237961,-0.0744666531682014,0.170111417770386,-0.0280273482203484,0.0211530439555645,0.348654508590698,0.257878869771957
"Actinomyces.01",0.049934484064579,0.143534392118454,1,0.770339012145996,-0.268926560878754,0.420668751001358,0.395374059677124,0.594747245311737,0.0563970431685448,0.0512274280190468,0.187778070569038,-0.368822395801544,0.235344856977463,0.247956901788712,-0.148823529481888,-0.652530610561371,-0.616341769695282,-0.486800611019135,-0.357118904590607,-0.503731608390808,-0.274354875087738,-0.188367873430252,-0.211647152900696,-0.405975013971329,-0.373263508081436,0.438970565795898,0.471220821142197,-0.27378985285759,0.56420224905014,-0.143210470676422,-0.291772782802582,-0.00443572225049138,0.558654367923737,0.172569438815117,0.262655287981033,-0.438859105110168,-0.328930377960205,-0.172009453177452,0.129342004656792,-0.548432648181915,-0.138340786099434,-0.108566619455814,-0.151479229331017,0.141309440135956,0.201073154807091,0.462581217288971,0.268926560878754,0.1351428180933,0.262704879045486,-0.607737958431244,-0.481764376163483,-0.287124216556549,-0.45649716258049,0.345665067434311,0.102719806134701,0.348870068788528,-0.235793128609657,-0.253470093011856,-0.251735866069794,-0.253557652235031,0.398147761821747,0.122519016265869,0.0660053491592407,0.158480018377304,0.370203912258148,0.312905967235565,0.188700571656227,-0.276061952114105,0.219827115535736,0.434409141540527,0.243023410439491,-0.00384575570933521,-0.151369675993919,0.302476704120636,0.617152214050293,0.589698493480682,0.586586713790894,0.176795214414597,0.411012083292007,-0.122845463454723,0.135593220591545,0.194588869810104,0.138211101293564,-0.00282725575380027,0.0962220802903175,0.00663896137848496,0.334368824958801,0.385310739278793,0.462657243013382,0.369056016206741,0.598700940608978,0.638418078422546,0.768144607543945,0.568278431892395,0.548031866550446,0.287068784236908,0.464410841464996,0.497684687376022,0.063371904194355,0.503932297229767,-0.782829761505127,-0.0645789876580238,-0.390726745128632,-0.278531074523926,-0.197684273123741,0.0830438956618309,0.70229035615921,0.536248803138733,0.560076296329498,0.280508488416672,-0.571589946746826,0.470488578081131,0.0477430075407028,0.204676911234856,0.571589946746826,-0.277322798967361,0.540960431098938,0.585105299949646,-0.146411895751953,0.575809597969055,0.401542127132416,-0.00116995675489306,0.514065980911255,0.264099180698395,0.7540243268013,0.412219166755676
"Actinomyces.02",-0.0614136755466461,0.206108257174492,0.770339012145996,1,-0.350282490253448,0.631908416748047,0.605705678462982,0.72070038318634,0.174260526895523,0.265699595212936,0.199477627873421,-0.381248235702515,0.0359672643244267,0.482960820198059,-0.136894926428795,-0.550183951854706,-0.512864172458649,-0.448174655437469,-0.168576091527939,-0.408747106790543,-0.108805984258652,-0.436342149972916,-0.239030063152313,-0.229311525821686,-0.0894096344709396,0.72472620010376,0.389144599437714,-0.302191287279129,0.474664568901062,0.0576643906533718,-0.513429641723633,-0.200874850153923,0.735317826271057,0.107820242643356,0.396030366420746,-0.388590812683105,-0.232363656163216,-0.0416443943977356,-0.176221415400505,-0.61338609457016,-0.00827192328870296,-0.189426138997078,-0.0183502156287432,0.379571110010147,-0.0446201637387276,0.332109600305557,0.125988706946373,-0.131750121712685,0.134917929768562,-0.506071746349335,-0.295165508985519,-0.148650780320168,-0.36779659986496,0.349053949117661,0.472511112689972,0.183050841093063,-0.10969752073288,-0.276126652956009,0.12760403752327,-0.0708775147795677,0.584490180015564,0.342208296060562,0.0568219982087612,0.182905241847038,0.178501427173615,0.0722959637641907,0.0539548024535179,-0.415228992700577,0.37887516617775,0.374784350395203,0.351128876209259,0.105373702943325,-0.0898051410913467,0.122253388166428,0.706068933010101,0.692418277263641,0.598639845848083,-0.0804766789078712,0.378420799970627,0.136299967765808,0.146610170602798,0.340673178434372,0.063371904194355,-0.0763359069824219,0.358982384204865,0.319273710250854,0.377859383821487,0.160169497132301,0.314618319272995,0.56821995973587,0.722959637641907,0.689548015594482,0.636543393135071,0.485157072544098,0.504050433635712,0.266606241464615,0.470342010259628,0.531828165054321,0.0531116910278797,0.335852056741714,-0.832533240318298,0.0344018898904324,-0.245405793190002,-0.23672316968441,-0.0706015303730965,0.106770724058151,0.787673473358154,0.903065860271454,0.741277456283569,0.344632774591446,-0.359220564365387,0.427562862634659,0.0454281941056252,0.257905572652817,0.693024575710297,-0.027675798162818,0.577118635177612,0.770039319992065,-0.0167823899537325,0.560184597969055,0.244564458727837,0.184268191456795,0.360698223114014,0.492937177419662,0.713357865810394,0.274611592292786
"Alicyclobacillus.01",0.200885847210884,-0.102905854582787,-0.268926560878754,-0.350282490253448,1,0.200979471206665,-0.376869797706604,-0.274498730897903,-0.0215449370443821,-0.3613241314888,-0.394275426864624,0.332109600305557,0.115831583738327,0.0154202049598098,0.0925886780023575,0.211478725075722,0.447271853685379,0.558372259140015,-0.102971188724041,0.149179860949516,0.0935965403914452,0.265914082527161,0.67344868183136,0.42820417881012,0.189525276422501,-0.129991918802261,-0.0568219982087612,0.735597193241119,-0.137176334857941,-0.0551296919584274,0.580152869224548,0.393511950969696,-0.284884482622147,-0.117518357932568,-0.0520630776882172,-0.308952271938324,0.243830949068069,0.173216536641121,-0.210110142827034,0.266591370105743,-0.00599001348018646,0.212609633803368,-0.0503731407225132,0.34662002325058,-0.0158147420734167,-0.153628930449486,0.107344634830952,0.304778158664703,0.250439614057541,0.382377862930298,0.446706414222717,0,0.185593217611313,-0.540525317192078,-0.138020694255829,-0.415819197893143,0.352276057004929,0.165109574794769,0.387731105089188,0.183569803833961,-0.258969634771347,-0.208221971988678,0.0866678953170776,0.219827115535736,-0.277222484350204,-0.237221136689186,-0.466666668653488,0.596998155117035,-0.184041306376457,-0.184116095304489,-0.40960282087326,-0.179212212562561,0.0672126561403275,-0.387996673583984,0.00877467636018991,-0.350404739379883,-0.0545261576771736,0.180597275495529,-0.373592466115952,-0.140979796648026,-0.603954792022705,-0.361501604318619,0.022331053391099,0.420695662498474,-0.124903663992882,-0.396527051925659,-0.317424476146698,-0.501129925251007,-0.287805885076523,-0.206051483750343,0.116351321339607,-0.520339012145996,-0.497599571943283,-0.611252665519714,-0.183448895812035,-0.00355870393104851,-0.16963155567646,0.0277777500450611,0.0573364868760109,0.0185042452067137,0.468229323625565,-0.241416782140732,0.491377055644989,0.106214687228203,0.221406385302544,0.282985836267471,-0.0243143998086452,-0.34799125790596,-0.0664593577384949,-0.31864407658577,0.525840163230896,-0.499858826398849,0.611110508441925,-0.1799635887146,-0.127647563815117,-0.250776618719101,-0.210451975464821,-0.0591902248561382,0.0153356324881315,0.071180485188961,0.0804934725165367,-0.0386085733771324,-0.0806600749492645,-0.046055443584919,-0.476701527833939,0.0875135809183121
"Anaerococcus.01",0.274075090885162,0.387768715620041,0.420668751001358,0.631908416748047,0.200979471206665,1,0.403257340192795,0.61604231595993,0.527332484722137,0.250274240970612,0.0568672157824039,-0.0730079561471939,-0.0175473857671022,0.538994312286377,-0.0794918015599251,0.0320148654282093,-0.00664459494873881,0.0406561121344566,0.0365654118359089,-0.219392478466034,0.128107458353043,-0.270158112049103,0.361997604370117,0.264338821172714,0.268303483724594,0.627470314502716,0.222571045160294,0.100123256444931,0.286337941884995,0.26468163728714,0.0090608112514019,0.108986556529999,0.458062291145325,0.0268146358430386,0.306832998991013,-0.403655558824539,0.164410054683685,0.29851707816124,-0.371073484420776,-0.338491439819336,0.282772541046143,0.0368473008275032,0.0868680700659752,0.53274792432785,-0.356592565774918,-0.0440461225807667,-0.022331053391099,0.0404716245830059,0.260223865509033,-0.0959360748529434,0.197525680065155,-0.0751165673136711,-0.0621648207306862,-0.177994608879089,0.569372117519379,-0.251073449850082,0.126247301697731,0.0344896875321865,0.516205966472626,0.145730063319206,0.221937656402588,0.197936818003654,-0.0251388791948557,0.217843934893608,-0.0680589154362679,-0.27212056517601,-0.130968600511551,0.137745335698128,0.348914384841919,0.216984063386917,0.190140157938004,0.0961342826485634,0.038012407720089,-0.157577842473984,0.781767964363098,0.47540408372879,0.454339236021042,-0.199695870280266,0.28691166639328,0.259339481592178,-0.278232842683792,0.161543771624565,0.108961962163448,0.0924202725291252,0.368993669748306,0.125725343823433,0.254019409418106,-0.0657860711216927,-0.187702462077141,0.329257994890213,0.72464919090271,0.0959631726145744,-0.00543034402653575,-0.0501364879310131,0.29303190112114,0.13495871424675,0.347217738628387,0.522388100624084,0.0341715030372143,0.345931559801102,-0.431410640478134,0.065119281411171,0.144368931651115,-0.0911348387598991,0.200922727584839,0.338779509067535,0.75687974691391,0.638066470623016,0.632900357246399,0.133382767438889,0.0814551562070847,-0.0850753858685493,0.333215594291687,0.0656627044081688,0.597941219806671,0.111623734235764,0.237191990017891,0.593585729598999,0.133533522486687,0.601519048213959,0.0527133792638779,0.49930664896965,-0.045510571449995,0.405896812677383,0.290221720933914,0.154094129800797
"Anaerococcus.02",-0.162294745445251,0.289124876260757,0.395374059677124,0.605705678462982,-0.376869797706604,0.403257340192795,1,0.487757533788681,0.278801292181015,0.368376284837723,0.535189092159271,-0.244803711771965,0.297441929578781,0.672053873538971,-0.114726945757866,-0.188286140561104,-0.425958782434464,-0.372707545757294,0.130792006850243,-0.0286496784538031,-0.026184668764472,-0.228079602122307,-0.256290048360825,-0.21330925822258,0.0821339264512062,0.537374258041382,0.277592957019806,-0.204648062586784,0.451166868209839,0.208928003907204,-0.390153557062149,-0.194399908185005,0.707624733448029,0.0588564053177834,0.404904395341873,-0.297217607498169,-0.0316280275583267,0.0184496827423573,0.136276125907898,-0.469875127077103,0.269992083311081,-0.228412687778473,-0.205052420496941,0.220688864588737,-0.0739960819482803,0.520439147949219,0.206630751490593,0.21421405673027,-0.0470228418707848,-0.373680233955383,-0.184582144021988,-0.0225589219480753,-0.452120423316956,0.189306646585464,0.473533689975739,0.0317656211555004,0.0265452582389116,-0.152122065424919,0.266935259103775,-0.0608683973550797,0.6223224401474,0.27015608549118,-0.242502197623253,0.115967236459255,0.200518608093262,0.135042861104012,-0.0104857394471765,-0.452706336975098,0.587277948856354,0.441361039876938,0.239785343408585,0.425738632678986,0.0487140901386738,0.153522059321404,0.588835716247559,0.610318243503571,0.542026877403259,0.0380498021841049,0.0639149695634842,0.177544832229614,0.136931419372559,0.261347889900208,0.301125168800354,-0.19878077507019,0.384848475456238,0.585118532180786,0.0585802346467972,0.259676247835159,0.309541076421738,0.465579152107239,0.518589198589325,0.59398627281189,0.426094114780426,0.479666650295258,0.507966756820679,0.435144275426865,0.760854959487915,0.466583877801895,0.188450336456299,0.266329973936081,-0.524755537509918,0.168682813644409,-0.100625045597553,-0.200154259800911,0.168341085314751,-0.0527552515268326,0.548190474510193,0.553374767303467,0.667896866798401,-0.0474942326545715,-0.281801760196686,0.477274745702744,-0.0227447804063559,0.224839746952057,0.696796476840973,0.0443976521492004,0.493446558713913,0.682694137096405,0.113092102110386,0.493435353040695,-0.0508417524397373,0.259292095899582,0.0186043698340654,0.590802371501923,0.503790020942688,0.203605428338051
"Atopobium.01",0.152056336402893,0.231250435113907,0.594747245311737,0.72070038318634,-0.274498730897903,0.61604231595993,0.487757533788681,1,0.237560883164406,0.325714439153671,0.209947943687439,-0.382269889116287,0.0588903836905956,0.506873190402985,-0.181149989366531,-0.314867347478867,-0.313736766576767,-0.194778829813004,-0.0832661911845207,-0.313674032688141,-0.0216380897909403,-0.319353938102722,-0.080984927713871,0.0836282894015312,-0.00867809541523457,0.775201320648193,0.613389551639557,-0.452591061592102,0.351737886667252,0.133667588233948,-0.273035794496536,-0.279371589422226,0.585398018360138,-0.175087139010429,0.455569505691528,-0.123658947646618,-0.258846402168274,0.0211180038750172,-0.0773574262857437,-0.349520057439804,0.333064764738083,-0.193894982337952,-0.285607010126114,0.199551150202751,-0.225296437740326,0.0886504799127579,0.245128497481346,-0.271905213594437,0.146571308374405,-0.370976835489273,-0.119276501238346,0.0326816029846668,0.00508330995216966,0.0920383930206299,0.484816282987595,-0.0338887348771095,-0.159977495670319,-0.288223117589951,-0.007521016523242,-0.108509816229343,0.39919239282608,0.387967884540558,0.259930282831192,0.277687609195709,0.0269684828817844,-0.0118577070534229,-0.031064672395587,-0.155028060078621,0.434419274330139,0.258737802505493,0.130032137036324,0.0207612160593271,0.000564652727916837,0.0143449380993843,0.695342898368835,0.378364980220795,0.566338121891022,-0.162808388471603,0.232298046350479,0.369017153978348,-0.120305001735687,0.308630079030991,0.00663708709180355,-0.322781443595886,0.349631488323212,0.130931630730629,0.168831169605255,0.242304444313049,-0.0188204403966665,0.37698495388031,0.66233766078949,0.402711123228073,0.477131575345993,0.252685308456421,0.428697943687439,0.253782540559769,0.31722816824913,0.593003213405609,0.128518134355545,0.442126601934433,-0.620553374290466,0.301082402467728,-0.244771212339401,-0.323072582483292,0.0186335407197475,0.238936901092529,0.780667543411255,0.740841031074524,0.654752194881439,0.189776912331581,-0.419536978006363,0.189158663153648,0.00867809541523457,0.202085122466087,0.718802928924561,0.192546591162682,0.502682864665985,0.639866650104523,-0.091987818479538,0.528206765651703,0.166491195559502,0.329249829053879,0.181149989366531,0.49639505147934,0.548277795314789,0.228677809238434
"Atopobium.02",-0.00193126616068184,0.336612850427628,0.0563970431685448,0.174260526895523,-0.0215449370443821,0.527332484722137,0.278801292181015,0.237560883164406,1,0.527837336063385,0.248667269945145,0.305978417396545,-0.168987631797791,0.514710068702698,-0.131880387663841,0.26192969083786,0.218803256750107,0.0248470306396484,0.161882013082504,0.177238419651985,0.286721885204315,0.0694511085748672,0.196433916687965,0.25129172205925,0.305065631866455,0.153105333447456,-0.0238189492374659,0.0579764023423195,-0.00579379871487617,-0.0319829434156418,-0.0983029082417488,-0.191186919808388,0.227671608328819,0.392227977514267,-0.0728286728262901,-0.298376470804214,0.34997546672821,0.454223483800888,-0.328784257173538,-0.223623976111412,0.0287932436913252,-0.137624070048332,0.388226926326752,0.421464115381241,-0.506163060665131,-0.0969248414039612,-0.240796357393265,0.189629480242729,-0.0755022838711739,0.18308025598526,0.378624767065048,0.0166035499423742,-0.0323174074292183,-0.138735562562943,0.635445177555084,-0.229390218853951,0.546056807041168,0.291598945856094,0.281698882579803,0.435734033584595,-0.01233244035393,0.584195017814636,-0.462860137224197,-0.184122860431671,-0.0572942309081554,-0.464352339506149,-0.0906154736876488,-0.0286696497350931,0.232542723417282,0.152123168110847,0.520197927951813,0.131990507245064,0.0475121773779392,0.24140827357769,0.340523242950439,0.182390302419662,0.285183638334274,-0.263681590557098,0.389237701892853,-0.20930041372776,0.0665358379483223,0.205450996756554,0.130648478865623,0.0133184585720301,0.502257406711578,0.367575764656067,0.411138713359833,0.274381101131439,-0.131169229745865,-0.0225314386188984,0.368061006069183,-0.162854373455048,-0.152672469615936,0.103376612067223,0.12462255358696,-0.0718462243676186,0.252127021551132,0.175250455737114,0.252496808767319,0.206160753965378,-0.248963803052902,0.446100264787674,0.0602501705288887,0.00823776982724667,0.431410580873489,-0.0519260615110397,0.265734970569611,0.243782803416252,0.222349062561989,0.155250281095505,-0.0183713752776384,-0.117196701467037,0.206406101584435,-0.0604122243821621,0.305978417396545,0.341454178094864,-0.157151311635971,0.246493235230446,0.475123465061188,0.147340208292007,-0.133520215749741,0.748626291751862,-0.330656617879868,0.172724664211273,0.0513131506741047,-0.210526823997498
"Bifidobacterium.01",0.12004441767931,0.340603232383728,0.0512274280190468,0.265699595212936,-0.3613241314888,0.250274240970612,0.368376284837723,0.325714439153671,0.527837336063385,1,0.393921405076981,0.014339629560709,-0.26021471619606,0.440709263086319,-0.0597453489899635,-0.00341805978678167,0.0307625383138657,-0.155887290835381,0.220700368285179,0.0248287916183472,0.00919385720044374,-0.0181904621422291,-0.187595307826996,0.0134371751919389,0.529622316360474,0.277334094047546,-0.103390857577324,-0.206705182790756,-0.0145718660205603,-0.184628158807755,-0.394444108009338,-0.29954195022583,0.316127240657806,-0.0834523215889931,-0.119520142674446,-0.261527538299561,0.1627147346735,0.278001427650452,-0.258796185255051,-0.30659493803978,-0.17380154132843,-0.178422719240189,0.024359792470932,-0.0651178136467934,-0.310691982507706,-0.0744295045733452,-0.0471292361617088,-0.0786153748631477,-0.0434503853321075,0.0375561751425266,0.14014045894146,-0.172256916761398,-0.29575303196907,0.014339629560709,0.585592985153198,0.0594238191843033,0.445031374692917,0.325268387794495,0.232977837324142,-0.0487600415945053,-0.0111941304057837,0.647210657596588,-0.326826125383377,-0.157260745763779,-0.244946122169495,-0.239676669239998,0.0744505301117897,-0.367399573326111,0.197090983390808,0.108522690832615,0.469677954912186,-0.0195274502038956,-0.123593956232071,0.346255272626877,0.20438651740551,0.170710489153862,0.265763074159622,-0.310267239809036,0.266326814889908,0.197314321994781,0.265699595212936,0.460844755172729,-0.168552041053772,-0.125100985169411,0.636828601360321,0.464795023202896,0.30113223195076,0.197396352887154,-0.0372431874275208,0.0728593319654465,0.26972159743309,-0.0648880749940872,0.0908176526427269,0.293269544839859,0.217585906386375,-0.146997183561325,0.238063737750053,0.300142616033554,0.416637301445007,0.0328108407557011,-0.284744083881378,0.24443693459034,-0.185258835554123,-0.0990396961569786,0.282012730836868,-0.261662811040878,0.248151138424873,0.417261630296707,0.291859477758408,0.286190569400787,0.0621383972465992,-0.032093457877636,-0.0860548764467239,0.0421350561082363,0.21099741756916,0.246505066752434,-0.0102454861626029,0.163661360740662,0.396692007780075,0.00279853260144591,-0.156597197055817,0.375533699989319,-0.276751458644867,0.378446787595749,0.279281377792358,-0.124772287905216
"Bulleidia.01",0.0659655779600143,0.142475992441177,0.187778070569038,0.199477627873421,-0.394275426864624,0.0568672157824039,0.535189092159271,0.209947943687439,0.248667269945145,0.393921405076981,1,-0.151466622948647,0.164211973547935,0.387022197246552,0.0147035904228687,0.0977742895483971,-0.224236845970154,-0.269957929849625,0.164799466729164,0.0891925469040871,0.24651725590229,0.239079207181931,-0.412884682416916,-0.164142936468124,0.267840623855591,0.203505545854568,0.215725272893906,-0.182912662625313,0.399953454732895,0.16206020116806,0.00175642431713641,-0.100385464727879,0.417322844266891,-0.233318239450455,0.104784980416298,0.0391824841499329,0.259339481592178,0.330579727888107,0.118717081844807,-0.0134507045149803,-0.154167249798775,0.0755262449383736,-0.160941421985626,-0.124005578458309,-0.0263165943324566,0.277786284685135,0.161454036831856,0.161005556583405,0.171296939253807,0.00877219811081886,-0.0895776376128197,0.162855863571167,-0.172568634152412,0.0380128584802151,0.249864742159843,0.140979796648026,0.326109439134598,0.419326990842819,0.22170253098011,-0.0915039777755737,0.131823122501373,0.279336750507355,-0.120639756321907,-0.302893966436386,0.27515372633934,0.233340471982956,0.133960053324699,-0.0946911200881004,0.0699890926480293,0.502030670642853,0.361495614051819,0.478629261255264,-0.061405386775732,0.371427804231644,0.13264687359333,0.149799004197121,0.331016451120377,0.109571062028408,0.435565382242203,0.0611750446259975,0.295414090156555,0.130577698349953,0.233093082904816,0.279271453619003,0.268233209848404,0.516804218292236,0.0953245535492897,0.283714532852173,0.163618117570877,0.00178285350557417,0.277786284685135,0.324663013219833,0.352642387151718,0.411588758230209,0.495535105466843,-0.021494222804904,0.337766349315643,0.0784946754574776,0.00437440117821097,0.311022788286209,-0.115208201110363,0.264338821172714,-0.0357139594852924,0.212347164750099,0.209947943687439,-0.0305589977651834,0.204330697655678,0.0578865520656109,0.139390036463737,0.011114589869976,-0.12807409465313,0.397088170051575,-0.104260109364986,0.180431395769119,0.283634424209595,0.369017153978348,0.129865199327469,0.242212653160095,0.294804453849792,0.0665107592940331,-0.290585964918137,0.150817692279816,-0.133508607745171,0.397137850522995,0.38890078663826,-0.00562423001974821
"Burkholderia.01",-0.304686486721039,-0.34272500872612,-0.368822395801544,-0.381248235702515,0.332109600305557,-0.0730079561471939,-0.244803711771965,-0.382269889116287,0.305978417396545,0.014339629560709,-0.151466622948647,1,-0.201586306095123,0.0542637966573238,-0.0346399694681168,0.412097483873367,0.612210690975189,0.340153127908707,0.395799577236176,0.382111996412277,0.133922234177589,0.14637054502964,0.26519712805748,0.319892823696136,0.1903395652771,-0.446774154901505,-0.316162437200546,0.276551872491837,-0.27255380153656,-0.0779199674725533,0.15319399535656,-0.129866614937782,-0.161993265151978,0.448268681764603,-0.390070408582687,-0.116883113980293,0.414516240358353,0.319183558225632,-0.149632975459099,0.320158094167709,-0.245236054062843,0.322781443595886,0.466179698705673,0.27683761715889,-0.370976835489273,-0.316770195960999,-0.328720718622208,0.146410495042801,-0.0878287255764008,0.707509875297546,0.668739855289459,0.131959676742554,0.0378424189984798,-0.447769612073898,-0.0381836220622063,-0.394238919019699,0.548898041248322,0.317668318748474,0.21695239841938,0.307740956544876,-0.263235569000244,0.0645607560873032,-0.0223781019449234,-0.400347173213959,-0.298948496580124,-0.512140035629272,-0.442247956991196,0.202728986740112,0.0516760163009167,-0.351097375154495,-0.0325080342590809,-0.237600594758987,0.297571986913681,-0.0900862067937851,-0.27544704079628,-0.362744390964508,-0.0763150677084923,0.0348422639071941,-0.0138775454834104,-0.456739127635956,-0.298785656690598,-0.102686531841755,-0.042839378118515,0.0966648459434509,0.167107820510864,-0.0283584631979465,-0.234330892562866,-0.160971477627754,-0.307970851659775,-0.608799159526825,-0.194805189967155,-0.543914198875427,-0.51665723323822,-0.274166375398636,-0.127278730273247,-0.258526116609573,-0.0806411802768707,-0.27075657248497,0.0150842880830169,-0.287351459264755,0.256916999816895,0.332457721233368,0.192764401435852,-0.0920643955469131,0.317899495363235,-0.0543827340006828,-0.311475604772568,-0.329072564840317,-0.17206409573555,-0.399322241544724,0.229813665151596,-0.523433089256287,0.400928020477295,-0.594852447509766,-0.273856580257416,0.243365332484245,-0.410053670406342,-0.258777946233749,0.149263247847557,-0.227944642305374,-0.194239720702171,0.151466622948647,-0.43896222114563,0.0223018061369658,-0.637492954730988,-0.156273230910301
"C.Betaproteobacteria.01",-0.16802391409874,0.0835456550121307,0.235344856977463,0.0359672643244267,0.115831583738327,-0.0175473857671022,0.297441929578781,0.0588903836905956,-0.168987631797791,-0.26021471619606,0.164211973547935,-0.201586306095123,1,0.0875011011958122,0.0643510594964027,-0.315760105848312,-0.412132114171982,-0.249431535601616,-0.221052259206772,-0.143841251730919,-0.0369476936757565,0.150556713342667,0.0511880405247211,-0.260979741811752,-0.338825136423111,0.16922202706337,0.371148735284805,0.044419314712286,0.647352457046509,0.00508233485743403,0.193877831101418,0.526021659374237,0.225791454315186,0.0634846091270447,0.253355622291565,0.0747454836964607,-0.401774615049362,-0.439894795417786,0.616084039211273,0.227633982896805,0.165288746356964,-0.197846084833145,-0.434314608573914,0.0444704294204712,0.5470010638237,0.738961040973663,0.815918803215027,0.0867348164319992,-0.00772110093384981,-0.328993380069733,-0.469955325126648,-0.0958492681384087,0.0903429761528969,0.364667385816574,-0.118936903774738,0.418579667806625,-0.140589773654938,-0.361442357301712,-0.18739815056324,-0.306532293558121,0.312426954507828,-0.113150380551815,0.067900076508522,0.462416440248489,0.464942902326584,0.610421478748322,0.311810702085495,-0.190775260329247,0.018792787566781,0.200022876262665,-0.0486143380403519,0.107184857130051,0.526049673557281,0.243979930877686,0.177700817584991,0.0403225123882294,0.111632332205772,0.779503107070923,-0.268051445484161,-0.0692036151885986,0.286888509988785,-0.0357561372220516,0.678297221660614,-0.161564856767654,-0.192626103758812,-0.0308591946959496,0.0022650146856904,0.193430244922638,0.555633306503296,0.234197720885277,-0.0503965765237808,0.282357186079025,0.211778879165649,0.226757690310478,0.282837778329849,0.660040438175201,0.28363898396492,0.135762125253677,0.205122888088226,0.343820601701736,0.0351077280938625,-0.0429608412086964,-0.158730387687683,0.195412695407867,-0.0351077280938625,0.0368414334952831,0.0430839620530605,-0.12439551204443,0.236333534121513,0.0339848175644875,-0.253115385770798,0.41563019156456,0.14910626411438,0.278257817029953,0.287656873464584,-0.165912330150604,0.342963457107544,0.357751280069351,-0.0806450247764587,0.321709841489792,0.39916580915451,-0.322559237480164,0.588840663433075,0.134190231561661,0.135334625840187,0.328559666872025
"C.Betaproteobacteria.02",0.0288245510309935,-0.0618396997451782,0.247956901788712,0.482960820198059,0.0154202049598098,0.538994312286377,0.672053873538971,0.506873190402985,0.514710068702698,0.440709263086319,0.387022197246552,0.0542637966573238,0.0875011011958122,1,-0.0142633495852351,-0.153715565800667,-0.23088201880455,-0.0905412659049034,0.158507451415062,0.147919535636902,-0.0466214828193188,0.0290627740323544,0.0355006866157055,-0.0146889612078667,0.227131903171539,0.537374258041382,0.376599013805389,-0.0756577700376511,0.0820873081684113,0.0338989160954952,-0.28644186258316,-0.237292408943176,0.478987842798233,0.0607248619198799,0.212031960487366,-0.36751389503479,0.186473578214645,0.322869449853897,-0.181290403008461,-0.486524254083633,0.233245745301247,-0.166062191128731,-0.00746359396725893,0.398485213518143,-0.229387864470482,0.158474951982498,0.113492712378502,0.208658069372177,0.210512846708298,-0.0776958912611008,0.166062191128731,0.300000011920929,-0.379953861236572,-0.215821906924248,0.574305713176727,-0.36669248342514,0.408673524856567,0.0525625012814999,0.477008581161499,0.103282012045383,0.42614871263504,0.407869786024094,-0.216810747981071,0.142013356089592,-0.0463699288666248,-0.0900285691022873,-0.435466587543488,-0.130230590701103,0.393792480230331,0.0647377222776413,0.368708908557892,0.107484303414822,-0.0382313095033169,0.186732962727547,0.468769431114197,0.311793029308319,0.557692408561707,-0.118300296366215,0.193721666932106,0.0364030785858631,-0.1184271723032,0.131452694535255,0.102791093289852,0.0561771728098392,0.569023549556732,0.273450642824173,0.0450142845511436,0.234387114644051,0.0688215121626854,0.360306888818741,0.692480027675629,0.362683236598969,0.248503521084785,0.258044600486755,0.359493881464005,0.246711269021034,0.550081968307495,0.567987680435181,0.243140459060669,0.25622895359993,-0.495773762464523,0.300466269254684,-0.0185199473053217,-0.226985424757004,0.589502155780792,0.0966653153300285,0.609923601150513,0.498255282640457,0.571154117584229,-0.0277563687413931,-0.218288451433182,0.00678297458216548,0.343067079782486,0.1314447671175,0.75599330663681,0.265769273042679,0.376253008842468,0.735256612300873,0.327587991952896,0.455211490392685,-0.0542087554931641,0.504533886909485,-0.138292476534843,0.768357336521149,0.254053235054016,-0.05403121560812
"C.Gammaproteobacteria.01",0.0328927151858807,-0.177108988165855,-0.148823529481888,-0.136894926428795,0.0925886780023575,-0.0794918015599251,-0.114726945757866,-0.181149989366531,-0.131880387663841,-0.0597453489899635,0.0147035904228687,-0.0346399694681168,0.0643510594964027,-0.0142633495852351,1,0.121092781424522,0.00852766074240208,0.281553387641907,0.270148754119873,0.509898602962494,-0.149976626038551,0.168150141835213,0.150847390294075,-0.144095182418823,0.0430557429790497,-0.07687958329916,-0.0975240170955658,-0.0394060537219048,0.0871368423104286,0.165009766817093,0.282549828290939,0.402012199163437,-0.184088960289955,-0.110697895288467,-0.100572556257248,0.0198753923177719,-0.0212382674217224,-0.142599791288376,0.0221468638628721,0.229986667633057,0.0384288057684898,0.157477468252182,-0.300256669521332,-0.14334824681282,-0.0675763338804245,0.116413004696369,0.0744117647409439,-0.123366825282574,0.549474537372589,0.346967548131943,0.15520341694355,0.507899284362793,-0.0647552758455276,-0.290180712938309,0.0878569930791855,-0.235731914639473,-0.0267200041562319,0.320046842098236,0.154186114668846,-0.0345869399607182,-0.24960695207119,-0.177794635295868,0.351432681083679,-0.00285551114939153,-0.377977699041367,0.226579457521439,-0.0511225834488869,0.313535124063492,0.155910909175873,0.0665350332856178,-0.196158975362778,-0.0564518384635448,0.217493563890457,-0.0213514119386673,-0.0358767621219158,-0.397392898797989,0.191008567810059,-0.0401375107467175,-0.192358016967773,0.0958674103021622,-0.173816785216331,0.158923074603081,-0.280951917171478,0.355319201946259,0.0260461177676916,0.0103157293051481,-0.165249690413475,-0.0249932631850243,-0.203615307807922,-0.202549874782562,-0.111870057880878,0.0227211490273476,-0.195914566516876,-0.332578778266907,-0.121021553874016,-0.0811004117131233,0.0483024530112743,0.24087943136692,-0.0418697260320187,-0.177361652255058,0.0959697440266609,0.097696028649807,0.105174481868744,-0.173248752951622,0.158435270190239,0.0192005354911089,-0.0415012836456299,-0.182966992259026,-0.0930896624922752,-0.0147687466815114,0.304945290088654,-0.0789337009191513,0.0238552093505859,-0.339576065540314,-0.0380471795797348,0.302673816680908,0.224371343851089,0.0432803593575954,0.45848548412323,0.233897417783737,-0.342940539121628,-0.0147035904228687,-0.144488856196404,-0.105632461607456,-0.298130869865417,-0.101336874067783
